079204720584
079204720585
079204720586
079204720640
079204720641
079204720642
079204721066
079204721067
079204721068
079204721156
079204721157
079204721264
079204721265
059224760111
059224760108
059224760107
059224760109
059224760106
059224760112
039224341053
039224341054
039224341055
039224341056
039224341057
039224341058
039224341060
079224723992
079224723993
079224723994
079224723995
079224723996
079224723997
079224723998
079224724005
079224724006
079224724007
079224724013
079224724014
079224724015
079224724016
079224724029
079224724030
079224724031
079224724040
079224724042
079224724050
079224724051
079224724093
079224724121
079224724122
079224724130
079234724179
079304724033
079304724052
079304724065
079304724066
079304724094
079304724106
079304724123
079304724124
079304724128
079304724129
079304724133
079304724134
079304724138
079304724139
079304724140
079304724141
079304724142
079304724146
079304724147
079304724148
079304724149
079304724150
079304724160
079304724161
079304724162
079304724163
079304724165
079304724166
079304724167
079304724168
079304724169
079304724170
079304724171
079304724172
079304724173
079304724178
079304724180
079304724183
079304724184
079304724185
079304724186